.Random.seed_value <- 617905
